2-чм-1
USPR 
2.417e+06 -72.0408 
2.4204e+06 -70.4082 
2.421e+06 -64.6939 
2.4224e+06 -73.0612 
2.4238e+06 -66.5306 
2.4258e+06 -66.1225 
2.427e+06 -69.3878 
OMEGA 
2.417e+06 -71.9672 
2.4204e+06 -70.6557 
2.421e+06 -72.2951 
2.4224e+06 -71.6393 
2.4238e+06 -75.4098 
2.4258e+06 -80 
2.427e+06 -79.6721 
2-чм-2
USPR 
2.41752e+06 -66.9388 
2.41871e+06 -64.0816 
2.4191e+06 -62.8571 
2.4197e+06 -64.898 
2.42029e+06 -65.7143 
2.42089e+06 -63.6735 
2.42247e+06 -61.0204 
2.42485e+06 -66.1225 
OMEGA 
2.41752e+06 -64.5763 
2.41871e+06 -69.4915 
2.4191e+06 -68.6441 
2.4197e+06 -66.6102 
2.42029e+06 -70.5085 
2.42089e+06 -69.1525 
2.42247e+06 -69.8305 
2.42485e+06 -73.8983 
2-чм-3
USPR 
2.41787e+06 -61.6 
2.41828e+06 -62 
2.41888e+06 -60.8 
2.41929e+06 -68.8 
2.41989e+06 -65.2 
2.42191e+06 -63.2 
2.42212e+06 -69.6 
2.42313e+06 -64.4 
2.42494e+06 -64.2 
2.42595e+06 -62.8 
2.42616e+06 -71.6 
OMEGA 
2.41787e+06 -65.4237 
2.41828e+06 -72.5424 
2.41888e+06 -66.6102 
2.41929e+06 -64.2373 
2.41989e+06 -75.4237 
2.42191e+06 -70.1695 
2.42212e+06 -70.8475 
2.42313e+06 -72.5424 
2.42494e+06 -74.7458 
2.42595e+06 -79.322 
2.42616e+06 -79.8305 
